[38;2;47;53;66;48;2;0;0;0m┌──────────────────────────────────────────────────────────────────────────────────────────────────────────────────────────────────────────────────────────────┐[0m
[38;2;47;53;66;48;2;0;0;0m│[0m[38;2;148;163;184;48;2;0;0;0m [0m[1;38;2;0;191;255;48;2;0;0;0mCONDUIT[0m[38;2;148;163;184;48;2;0;0;0m [0m[38;2;47;53;66;48;2;0;0;0m│[0m[38;2;148;163;184;48;2;0;0;0m [0m[38;2;91;100;117;48;2;0;0;0mWALL[0m[38;2;148;163;184;48;2;0;0;0m [0m[38;2;123;133;153;48;2;0;0;0m██████▎[0m[38;2;58;65;80;48;2;0;0;0m░[0m[38;2;148;163;184;48;2;0;0;0m [0m[38;2;226;232;240;48;2;0;0;0m78%[0m[38;2;148;163;184;48;2;0;0;0m [0m[38;2;47;53;66;48;2;0;0;0m│[0m[38;2;148;163;184;48;2;0;0;0m [0m[38;2;91;100;117;48;2;0;0;0mTOKENS[0m[38;2;148;163;184;48;2;0;0;0m [0m[38;2;123;133;153;48;2;0;0;0m██████▏[0m[38;2;58;65;80;48;2;0;0;0m░[0m[38;2;148;163;184;48;2;0;0;0m [0m[38;2;226;232;240;48;2;0;0;0m76%[0m[38;2;148;163;184;48;2;0;0;0m [0m[38;2;47;53;66;48;2;0;0;0m│[0m[38;2;148;163;184;48;2;245;185;64m [0m[1;38;2;0;0;0;48;2;245;185;64mQUOTA 5h[0m[38;2;148;163;184;48;2;245;185;64m [0m[38;2;0;0;0;48;2;245;185;64m██████▉░[0m[38;2;148;163;184;48;2;245;185;64m [0m[1;38;2;0;0;0;48;2;245;185;64m86%[0m[38;2;148;163;184;48;2;245;185;64m [0m[38;2;47;53;66;48;2;0;0;0m│[0m[38;2;148;163;184;48;2;0;0;0m [0m[38;2;91;100;117;48;2;0;0;0mWATCHDOG[0m[38;2;148;163;184;48;2;0;0;0m [0m[38;2;123;133;153;48;2;0;0;0m█▉[0m[38;2;58;65;80;48;2;0;0;0m░░░░░░[0m[38;2;148;163;184;48;2;0;0;0m [0m[38;2;226;232;240;48;2;0;0;0m02:56[0m[38;2;148;163;184;48;2;0;0;0m [0m[38;2;47;53;66;48;2;0;0;0m│[0m[38;2;148;163;184;48;2;0;0;0m [0m[1;38;2;59;227;122;48;2;0;0;0m2[0m[38;2;148;163;184;48;2;0;0;0m [0m[38;2;91;100;117;48;2;0;0;0mworking[0m[38;2;148;163;184;48;2;0;0;0m [0m[1;38;2;91;100;117;48;2;0;0;0m0[0m[38;2;148;163;184;48;2;0;0;0m [0m[38;2;91;100;117;48;2;0;0;0mwaiting[0m[38;2;148;163;184;48;2;0;0;0m [0m[1;38;2;245;185;64;48;2;0;0;0m1[0m[38;2;148;163;184;48;2;0;0;0m [0m[38;2;91;100;117;48;2;0;0;0mheld[0m[38;2;148;163;184;48;2;0;0;0m [0m[1;38;2;148;163;184;48;2;0;0;0m7[0m[38;2;148;163;184;48;2;0;0;0m [0m[38;2;91;100;117;48;2;0;0;0mdone[0m[38;2;148;163;184;48;2;0;0;0m [0m[1;38;2;255;107;107;48;2;0;0;0m1[0m[38;2;148;163;184;48;2;0;0;0m [0m[38;2;91;100;117;48;2;0;0;0mscrap[0m[38;2;148;163;184;48;2;0;0;0m  [0m[38;2;47;53;66;48;2;0;0;0m│[0m[38;2;148;163;184;48;2;0;0;0m [0m[1;38;2;226;232;240;48;2;0;0;0mT+1:52:20[0m[38;2;148;163;184;48;2;0;0;0m [0m[38;2;47;53;66;48;2;0;0;0m│[0m
[38;2;47;53;66;48;2;0;0;0m├──────────────────────────────────────────────────────────────────────────────────────────────────────────────────────────────────────────────────────────────┤[0m
[38;2;47;53;66;48;2;0;0;0m│[0m[38;2;148;163;184;48;2;0;0;0m                             [0m[1;38;2;232;150;122;48;2;0;0;0mdecompose[0m[38;2;148;163;184;48;2;0;0;0m  [0m[1;38;2;236;79;142;48;2;0;0;0mtest[0m[38;2;148;163;184;48;2;0;0;0m  [0m[1;38;2;157;108;245;48;2;0;0;0mimplement[0m[38;2;148;163;184;48;2;0;0;0m  [0m[1;38;2;76;123;244;48;2;0;0;0mreview[0m[38;2;148;163;184;48;2;0;0;0m  [0m[1;38;2;0;191;255;48;2;0;0;0mprobe[0m[38;2;148;163;184;48;2;0;0;0m  [0m[1;38;2;45;212;191;48;2;0;0;0mdeliver[0m[38;2;148;163;184;48;2;0;0;0m                                                                               [0m[38;2;47;53;66;48;2;0;0;0m│[0m
[38;2;47;53;66;48;2;0;0;0m│[0m[38;2;148;163;184;48;2;0;0;0m [0m[38;2;91;100;117;48;2;0;0;0mcard[0m[38;2;148;163;184;48;2;0;0;0m                        [0m[38;2;91;100;117;48;2;0;0;0m0[0m[38;2;148;163;184;48;2;0;0;0m          [0m[38;2;91;100;117;48;2;0;0;0m15m[0m[38;2;148;163;184;48;2;0;0;0m         [0m[38;2;91;100;117;48;2;0;0;0m30m[0m[38;2;148;163;184;48;2;0;0;0m        [0m[38;2;91;100;117;48;2;0;0;0m45m[0m[38;2;148;163;184;48;2;0;0;0m         [0m[38;2;91;100;117;48;2;0;0;0m1h[0m[38;2;148;163;184;48;2;0;0;0m         [0m[38;2;91;100;117;48;2;0;0;0m1h15[0m[38;2;148;163;184;48;2;0;0;0m        [0m[38;2;91;100;117;48;2;0;0;0m1h30[0m[38;2;148;163;184;48;2;0;0;0m     [0m[1;38;2;59;227;122;48;2;0;0;0mT+1:52:20[0m[38;2;148;163;184;48;2;0;0;0m     [0m[38;2;91;100;117;48;2;0;0;0m2h[0m[38;2;148;163;184;48;2;0;0;0m  [0m[1;38;2;255;107;107;48;2;0;0;0mBUDGET 2:24:00│[0m[38;2;148;163;184;48;2;0;0;0m   [0m[38;2;91;100;117;48;2;0;0;0mstate[0m[38;2;148;163;184;48;2;0;0;0m          [0m[38;2;47;53;66;48;2;0;0;0m│[0m
[38;2;47;53;66;48;2;0;0;0m│[0m[38;2;148;163;184;48;2;0;0;0m [0m[38;2;47;53;66;48;2;0;0;0m┌─[0m[38;2;148;163;184;48;2;0;0;0m [0m[1;38;2;148;163;184;48;2;0;0;0mPRD-014[0m[38;2;148;163;184;48;2;0;0;0m [0m[38;2;91;100;117;48;2;0;0;0mrange-queries[0m[38;2;148;163;184;48;2;0;0;0m    [0m[38;2;116;75;61;48;2;0;0;0m████▋[0m[38;2;58;65;80;48;2;0;0;0m·[0m[38;2;91;100;117;48;2;0;0;0mfan-out ×11[0m[38;2;58;65;80;48;2;0;0;0m·····································································[0m[1;38;2;59;227;122;48;2;0;0;0m│[0m[38;2;148;163;184;48;2;0;0;0m                       [0m[1;38;2;255;107;107;48;2;0;0;0m│[0m[38;2;148;163;184;48;2;0;0;0m                  [0m[38;2;47;53;66;48;2;0;0;0m│[0m
[38;2;47;53;66;48;2;0;0;0m│[0m[38;2;148;163;184;48;2;0;0;0m [0m[38;2;47;53;66;48;2;0;0;0m├─[0m[38;2;148;163;184;48;2;0;0;0m [0m[38;2;91;100;117;48;2;0;0;0mWI-201[0m[38;2;148;163;184;48;2;0;0;0m  [0m[38;2;47;53;66;48;2;0;0;0mrange-schema[0m[38;2;148;163;184;48;2;0;0;0m         [0m[38;2;0;0;0;48;2;71;24;43m▋[0m[38;2;71;24;43;48;2;0;0;0m██[0m[38;2;71;24;43;48;2;47;32;74m▋[0m[38;2;47;32;74;48;2;0;0;0m█████[0m[38;2;23;37;73;48;2;0;0;0m██[0m[38;2;23;37;73;48;2;0;57;77m▎[0m[38;2;0;57;77;48;2;0;0;0m█[0m[38;2;0;57;77;48;2;14;64;57m▎[0m[38;2;14;64;57;48;2;0;0;0m█▏[0m[38;2;148;163;184;48;2;0;0;0m                                                                  [0m[1;38;2;59;227;122;48;2;0;0;0m│[0m[38;2;148;163;184;48;2;0;0;0m                       [0m[1;38;2;255;107;107;48;2;0;0;0m│[0m[38;2;148;163;184;48;2;0;0;0m   [0m[38;2;91;100;117;48;2;0;0;0m✓ 25:36[0m[38;2;148;163;184;48;2;0;0;0m        [0m[38;2;47;53;66;48;2;0;0;0m│[0m
[38;2;47;53;66;48;2;0;0;0m│[0m[38;2;148;163;184;48;2;0;0;0m [0m[38;2;47;53;66;48;2;0;0;0m├─[0m[38;2;148;163;184;48;2;0;0;0m [0m[38;2;91;100;117;48;2;0;0;0mWI-202[0m[38;2;148;163;184;48;2;0;0;0m  [0m[38;2;47;53;66;48;2;0;0;0mcli-flags[0m[38;2;148;163;184;48;2;0;0;0m             [0m[38;2;71;24;43;48;2;0;0;0m███[0m[38;2;71;24;43;48;2;47;32;74m▍[0m[38;2;47;32;74;48;2;0;0;0m██████[0m[38;2;47;32;74;48;2;23;37;73m▎[0m[38;2;23;37;73;48;2;0;0;0m█[0m[38;2;23;37;73;48;2;0;57;77m▌[0m[38;2;0;57;77;48;2;0;0;0m██[0m[38;2;0;57;77;48;2;14;64;57m▋[0m[38;2;14;64;57;48;2;0;0;0m█▎[0m[38;2;148;163;184;48;2;0;0;0m                                                               [0m[1;38;2;59;227;122;48;2;0;0;0m│[0m[38;2;148;163;184;48;2;0;0;0m                       [0m[1;38;2;255;107;107;48;2;0;0;0m│[0m[38;2;148;163;184;48;2;0;0;0m   [0m[38;2;91;100;117;48;2;0;0;0m✓ 29:04[0m[38;2;148;163;184;48;2;0;0;0m        [0m[38;2;47;53;66;48;2;0;0;0m│[0m
[38;2;47;53;66;48;2;0;0;0m│[0m[38;2;148;163;184;48;2;0;0;0m [0m[38;2;47;53;66;48;2;0;0;0m├─[0m[38;2;148;163;184;48;2;0;0;0m [0m[38;2;91;100;117;48;2;0;0;0mWI-203[0m[38;2;148;163;184;48;2;0;0;0m  [0m[38;2;47;53;66;48;2;0;0;0mdate-parse[0m[38;2;148;163;184;48;2;0;0;0m            [0m[38;2;0;0;0;48;2;71;24;43m▍[0m[38;2;71;24;43;48;2;0;0;0m███[0m[38;2;71;24;43;48;2;47;32;74m▏[0m[38;2;47;32;74;48;2;0;0;0m██████[0m[38;2;47;32;74;48;2;23;37;73m▉[0m[38;2;23;37;73;48;2;0;0;0m██[0m[38;2;23;37;73;48;2;0;57;77m▉[0m[38;2;0;57;77;48;2;0;0;0m███[0m[38;2;0;57;77;48;2;14;64;57m▊[0m[38;2;14;64;57;48;2;0;0;0m██[0m[38;2;148;163;184;48;2;0;0;0m                                                            [0m[1;38;2;59;227;122;48;2;0;0;0m│[0m[38;2;148;163;184;48;2;0;0;0m                       [0m[1;38;2;255;107;107;48;2;0;0;0m│[0m[38;2;148;163;184;48;2;0;0;0m   [0m[38;2;91;100;117;48;2;0;0;0m✓ 34:09[0m[38;2;148;163;184;48;2;0;0;0m        [0m[38;2;47;53;66;48;2;0;0;0m│[0m
[38;2;47;53;66;48;2;0;0;0m│[0m[38;2;148;163;184;48;2;0;0;0m [0m[38;2;47;53;66;48;2;0;0;0m├─[0m[38;2;148;163;184;48;2;0;0;0m [0m[38;2;91;100;117;48;2;0;0;0mWI-204[0m[38;2;148;163;184;48;2;0;0;0m  [0m[38;2;47;53;66;48;2;0;0;0mparse-range[0m[38;2;148;163;184;48;2;0;0;0m           [0m[38;2;0;0;0;48;2;71;24;43m▍[0m[38;2;71;24;43;48;2;0;0;0m██[0m[38;2;71;24;43;48;2;47;32;74m▍[0m[38;2;47;32;74;48;2;0;0;0m█████[0m[38;2;47;32;74;48;2;23;37;73m▌[0m[38;2;23;37;73;48;2;0;0;0m█[0m[38;2;23;37;73;48;2;47;32;74m▉[0m[38;2;47;32;74;48;2;0;0;0m█████[0m[38;2;47;32;74;48;2;23;37;73m▎[0m[38;2;23;37;73;48;2;0;0;0m█[0m[38;2;23;37;73;48;2;47;32;74m▌[0m[38;2;47;32;74;48;2;0;0;0m██████████████[0m[38;2;47;32;74;48;2;23;37;73m▊[0m[38;2;23;37;73;48;2;0;0;0m██[0m[38;2;23;37;73;48;2;0;57;77m▏[0m[38;2;0;57;77;48;2;0;0;0m██[0m[38;2;0;57;77;48;2;14;64;57m▉[0m[38;2;14;64;57;48;2;0;0;0m███[0m[38;2;148;163;184;48;2;0;0;0m                                     [0m[1;38;2;59;227;122;48;2;0;0;0m│[0m[38;2;148;163;184;48;2;0;0;0m                       [0m[1;38;2;255;107;107;48;2;0;0;0m│[0m[38;2;148;163;184;48;2;0;0;0m   [0m[38;2;91;100;117;48;2;0;0;0m✓ 1:04:39[0m[38;2;148;163;184;48;2;0;0;0m      [0m[38;2;47;53;66;48;2;0;0;0m│[0m
[38;2;47;53;66;48;2;0;0;0m│[0m[38;2;148;163;184;48;2;0;0;0m [0m[38;2;47;53;66;48;2;0;0;0m├─[0m[38;2;148;163;184;48;2;0;0;0m [0m[38;2;91;100;117;48;2;0;0;0mWI-205[0m[38;2;148;163;184;48;2;0;0;0m  [0m[38;2;47;53;66;48;2;0;0;0mindex-scan[0m[38;2;148;163;184;48;2;0;0;0m            [0m[38;2;58;65;80;48;2;0;0;0m····[0m[38;2;0;0;0;48;2;71;24;43m▏[0m[38;2;71;24;43;48;2;0;0;0m███[0m[38;2;47;32;74;48;2;0;0;0m██████████[0m[38;2;47;32;74;48;2;23;37;73m▊[0m[38;2;23;37;73;48;2;0;0;0m██[0m[38;2;23;37;73;48;2;0;57;77m▊[0m[38;2;0;57;77;48;2;0;0;0m██████████[0m[38;2;0;57;77;48;2;14;64;57m▌[0m[38;2;14;64;57;48;2;0;0;0m██▋[0m[38;2;148;163;184;48;2;0;0;0m                                             [0m[1;38;2;59;227;122;48;2;0;0;0m│[0m[38;2;148;163;184;48;2;0;0;0m                       [0m[1;38;2;255;107;107;48;2;0;0;0m│[0m[38;2;148;163;184;48;2;0;0;0m   [0m[38;2;91;100;117;48;2;0;0;0m✓ 53:52[0m[38;2;148;163;184;48;2;0;0;0m        [0m[38;2;47;53;66;48;2;0;0;0m│[0m
[38;2;47;53;66;48;2;0;0;0m│[0m[38;2;148;163;184;48;2;0;0;0m [0m[38;2;47;53;66;48;2;0;0;0m├─[0m[38;2;148;163;184;48;2;0;0;0m [0m[38;2;91;100;117;48;2;0;0;0mWI-206[0m[38;2;148;163;184;48;2;0;0;0m  [0m[38;2;47;53;66;48;2;0;0;0mquery-planner[0m[38;2;148;163;184;48;2;0;0;0m         [0m[38;2;58;65;80;48;2;0;0;0m·····[0m[38;2;0;0;0;48;2;71;24;43m▊[0m[38;2;71;24;43;48;2;0;0;0m███[0m[38;2;71;24;43;48;2;47;32;74m▌[0m[38;2;47;32;74;48;2;0;0;0m██████████████[0m[38;2;47;32;74;48;2;23;37;73m▏[0m[38;2;23;37;73;48;2;0;0;0m████████[0m[38;2;23;37;73;48;2;47;32;74m▎[0m[38;2;47;32;74;48;2;0;0;0m█████████████[0m[38;2;23;37;73;48;2;0;0;0m███[0m[38;2;23;37;73;48;2;0;57;77m▏[0m[38;2;0;57;77;48;2;0;0;0m███[0m[38;2;0;57;77;48;2;14;64;57m▊[0m[38;2;14;64;57;48;2;0;0;0m██▊[0m[38;2;148;163;184;48;2;0;0;0m                       [0m[1;38;2;59;227;122;48;2;0;0;0m│[0m[38;2;148;163;184;48;2;0;0;0m                       [0m[1;38;2;255;107;107;48;2;0;0;0m│[0m[38;2;148;163;184;48;2;0;0;0m   [0m[38;2;91;100;117;48;2;0;0;0m✓ 1:22:45[0m[38;2;148;163;184;48;2;0;0;0m      [0m[38;2;47;53;66;48;2;0;0;0m│[0m
[38;2;47;53;66;48;2;0;0;0m│[0m[38;2;148;163;184;48;2;0;0;0m [0m[38;2;47;53;66;48;2;0;0;0m├─[0m[38;2;148;163;184;48;2;0;0;0m [0m[1;38;2;255;107;107;48;2;0;0;0mWI-207[0m[38;2;148;163;184;48;2;0;0;0m  [0m[38;2;91;100;117;48;2;0;0;0mlegacy-shim[0m[38;2;148;163;184;48;2;0;0;0m           [0m[38;2;58;65;80;48;2;0;0;0m·[0m[38;2;0;0;0;48;2;71;24;43m▏[0m[38;2;71;24;43;48;2;0;0;0m██[0m[38;2;71;24;43;48;2;47;32;74m▏[0m[38;2;47;32;74;48;2;0;0;0m█████████████[0m[38;2;255;107;107;48;2;0;0;0m█[0m[38;2;148;163;184;48;2;0;0;0m [0m[1;38;2;255;107;107;48;2;0;0;0mSCRAP · no_progress[0m[38;2;148;163;184;48;2;0;0;0m                                          [0m[1;38;2;59;227;122;48;2;0;0;0m│[0m[38;2;148;163;184;48;2;0;0;0m                       [0m[1;38;2;255;107;107;48;2;0;0;0m│[0m[38;2;148;163;184;48;2;0;0;0m   [0m[1;38;2;0;0;0;48;2;255;107;107m SCRAP [0m[38;2;148;163;184;48;2;0;0;0m        [0m[38;2;47;53;66;48;2;0;0;0m│[0m
[38;2;47;53;66;48;2;0;0;0m│[0m[38;2;148;163;184;48;2;0;0;0m [0m[38;2;47;53;66;48;2;0;0;0m├─[0m[38;2;148;163;184;48;2;0;0;0m [0m[38;2;91;100;117;48;2;0;0;0mWI-208[0m[38;2;148;163;184;48;2;0;0;0m  [0m[38;2;47;53;66;48;2;0;0;0mdocs-ranges[0m[38;2;148;163;184;48;2;0;0;0m           [0m[38;2;58;65;80;48;2;0;0;0m·[0m[38;2;0;0;0;48;2;71;24;43m▉[0m[38;2;71;24;43;48;2;0;0;0m███[0m[38;2;47;32;74;48;2;0;0;0m█████████[0m[38;2;47;32;74;48;2;23;37;73m▉[0m[38;2;23;37;73;48;2;0;0;0m███[0m[38;2;0;57;77;48;2;0;0;0m████▌[0m[38;2;58;65;80;48;2;0;0;0m·····[0m[38;2;0;0;0;48;2;14;64;57m▋[0m[38;2;14;64;57;48;2;0;0;0m███▌[0m[38;2;148;163;184;48;2;0;0;0m                                                [0m[1;38;2;59;227;122;48;2;0;0;0m│[0m[38;2;148;163;184;48;2;0;0;0m                       [0m[1;38;2;255;107;107;48;2;0;0;0m│[0m[38;2;148;163;184;48;2;0;0;0m   [0m[38;2;91;100;117;48;2;0;0;0m✓ 49:24[0m[38;2;148;163;184;48;2;0;0;0m        [0m[38;2;47;53;66;48;2;0;0;0m│[0m
[38;2;47;53;66;48;2;0;0;0m│[0m[1;38;2;226;232;240;48;2;15;16;24m>[0m[38;2;47;53;66;48;2;15;16;24m├─[0m[38;2;148;163;184;48;2;15;16;24m [0m[1;38;2;245;185;64;48;2;15;16;24mWI-209[0m[38;2;148;163;184;48;2;15;16;24m  [0m[38;2;91;100;117;48;2;15;16;24mmigration-0042[0m[38;2;148;163;184;48;2;15;16;24m        [0m[38;2;58;65;80;48;2;15;16;24m·[0m[38;2;15;16;24;48;2;118;40;71m▉[0m[38;2;118;40;71;48;2;15;16;24m███[0m[38;2;118;40;71;48;2;79;54;123m▊[0m[38;2;79;54;123;48;2;15;16;24m███████[0m[38;2;79;54;123;48;2;38;62;122m▍[0m[38;2;38;62;122;48;2;15;16;24m█[0m[38;2;38;62;122;48;2;0;96;128m▋[0m[38;2;0;96;128;48;2;15;16;24m█[0m[38;2;0;96;128;48;2;245;185;64m▎[0m[1;38;2;0;0;0;48;2;245;185;64mhuman decision[0m[38;2;245;185;64;48;2;15;16;24m███[0m[38;2;245;185;64;48;2;255;107;107m▋[0m[38;2;255;107;107;48;2;15;16;24m▒▒▒▒▒▒▒▒▒▒▒▒▒▒▒▒▒▒▒▒▒▒▒▒▒▒▒▒▒▒▒▒▒▒▒▒▒▒▒▒▒▒▒▒▒[0m[1;38;2;59;227;122;48;2;15;16;24m│[0m[38;2;148;163;184;48;2;15;16;24m                       [0m[1;38;2;255;107;107;48;2;15;16;24m│[0m[38;2;148;163;184;48;2;15;16;24m   [0m[1;38;2;0;0;0;48;2;255;107;107mOVERDUE +59:20[0m[38;2;148;163;184;48;2;15;16;24m [0m[38;2;47;53;66;48;2;0;0;0m│[0m
[38;2;47;53;66;48;2;0;0;0m│[0m[38;2;148;163;184;48;2;0;0;0m [0m[38;2;47;53;66;48;2;0;0;0m├─[0m[38;2;148;163;184;48;2;0;0;0m [0m[1;38;2;59;227;122;48;2;0;0;0mWI-210[0m[38;2;148;163;184;48;2;0;0;0m  [0m[38;2;91;100;117;48;2;0;0;0mperf-bench[0m[38;2;148;163;184;48;2;0;0;0m            [0m[38;2;58;65;80;48;2;0;0;0m·······[0m[38;2;0;0;0;48;2;118;40;71m▎[0m[38;2;118;40;71;48;2;0;0;0m███▏[0m[38;2;58;65;80;48;2;0;0;0m···················[0m[38;2;0;0;0;48;2;79;54;123m▊[0m[38;2;79;54;123;48;2;0;0;0m████████████████[0m[38;2;79;54;123;48;2;38;62;122m▋[0m[38;2;38;62;122;48;2;0;0;0m██[0m[38;2;38;62;122;48;2;0;96;128m▋[0m[38;2;0;96;128;48;2;0;0;0m████[0m[38;2;0;96;128;48;2;79;54;123m▎[0m[1;38;2;255;107;107;48;2;0;0;0m«[0m[38;2;79;54;123;48;2;0;0;0m█████████[0m[38;2;79;54;123;48;2;38;62;122m▊[0m[38;2;38;62;122;48;2;0;0;0m████[0m[38;2;38;62;122;48;2;0;191;255m▍[0m[38;2;0;191;255;48;2;0;0;0m██▓███▓█[0m[1;38;2;59;227;122;48;2;0;0;0m▌[0m[38;2;148;163;184;48;2;0;0;0m                       [0m[1;38;2;255;107;107;48;2;0;0;0m│[0m[38;2;148;163;184;48;2;0;0;0m   [0m[1;38;2;59;227;122;48;2;0;0;0m11:20 rw1/3[0m[38;2;148;163;184;48;2;0;0;0m    [0m[38;2;47;53;66;48;2;0;0;0m│[0m
[38;2;47;53;66;48;2;0;0;0m│[0m[38;2;148;163;184;48;2;0;0;0m [0m[38;2;47;53;66;48;2;0;0;0m├─[0m[38;2;148;163;184;48;2;0;0;0m [0m[1;38;2;59;227;122;48;2;0;0;0mWI-211[0m[38;2;148;163;184;48;2;0;0;0m  [0m[38;2;91;100;117;48;2;0;0;0me2e-suite[0m[38;2;148;163;184;48;2;0;0;0m             [0m[38;2;58;65;80;48;2;0;0;0m·································[0m[38;2;0;0;0;48;2;118;40;71m▎[0m[38;2;118;40;71;48;2;0;0;0m███[0m[38;2;118;40;71;48;2;79;54;123m▉[0m[38;2;79;54;123;48;2;0;0;0m█████████████████████[0m[38;2;79;54;123;48;2;38;62;122m▎[0m[38;2;38;62;122;48;2;0;0;0m██[0m[38;2;38;62;122;48;2;79;54;123m▍[0m[1;38;2;255;107;107;48;2;0;0;0m«[0m[38;2;79;54;123;48;2;0;0;0m██████████████[0m[38;2;79;54;123;48;2;76;123;244m▌[0m[38;2;76;123;244;48;2;0;0;0m▓█[0m[1;38;2;59;227;122;48;2;0;0;0m▌[0m[38;2;148;163;184;48;2;0;0;0m                       [0m[1;38;2;255;107;107;48;2;0;0;0m│[0m[38;2;148;163;184;48;2;0;0;0m   [0m[1;38;2;59;227;122;48;2;0;0;0m03:20 rw1/3[0m[38;2;148;163;184;48;2;0;0;0m    [0m[38;2;47;53;66;48;2;0;0;0m│[0m
[38;2;47;53;66;48;2;0;0;0m│[0m[38;2;148;163;184;48;2;0;0;0m [0m[38;2;47;53;66;48;2;0;0;0m└─[0m[38;2;148;163;184;48;2;0;0;0m fan-in [0m[38;2;91;100;117;48;2;0;0;0m· quorum 10[0m[38;2;148;163;184;48;2;0;0;0m           [0m[38;2;47;53;66;48;2;0;0;0m───────────────[0m[38;2;45;212;191;48;2;0;0;0m▌[0m[38;2;47;53;66;48;2;0;0;0m──[0m[38;2;45;212;191;48;2;0;0;0m▌[0m[38;2;47;53;66;48;2;0;0;0m───[0m[38;2;45;212;191;48;2;0;0;0m▌[0m[38;2;47;53;66;48;2;0;0;0m──────────[0m[38;2;45;212;191;48;2;0;0;0m▌[0m[38;2;47;53;66;48;2;0;0;0m──[0m[38;2;45;212;191;48;2;0;0;0m▌[0m[38;2;47;53;66;48;2;0;0;0m────────[0m[38;2;45;212;191;48;2;0;0;0m▌[0m[38;2;47;53;66;48;2;0;0;0m────────────[0m[38;2;45;212;191;48;2;0;0;0m▌[0m[38;2;47;53;66;48;2;0;0;0m───────────────────────[0m[1;38;2;59;227;122;48;2;0;0;0m│[0m[38;2;148;163;184;48;2;0;0;0m                       [0m[1;38;2;255;107;107;48;2;0;0;0m│[0m[38;2;148;163;184;48;2;0;0;0m   7/11           [0m[38;2;47;53;66;48;2;0;0;0m│[0m
[38;2;47;53;66;48;2;0;0;0m│[0m[38;2;148;163;184;48;2;0;0;0m                                                                                                                                                              [0m[38;2;47;53;66;48;2;0;0;0m│[0m
[38;2;47;53;66;48;2;0;0;0m│[0m[38;2;148;163;184;48;2;0;0;0m                                                                                                                                                              [0m[38;2;47;53;66;48;2;0;0;0m│[0m
[38;2;47;53;66;48;2;0;0;0m│[0m[38;2;148;163;184;48;2;0;0;0m                                                                                                                                                              [0m[38;2;47;53;66;48;2;0;0;0m│[0m
[38;2;47;53;66;48;2;0;0;0m│[0m[38;2;148;163;184;48;2;0;0;0m                                                                                                                                                              [0m[38;2;47;53;66;48;2;0;0;0m│[0m
[38;2;47;53;66;48;2;0;0;0m│[0m[38;2;148;163;184;48;2;0;0;0m                                                                                                                                                              [0m[38;2;47;53;66;48;2;0;0;0m│[0m
[38;2;47;53;66;48;2;0;0;0m│[0m[38;2;148;163;184;48;2;0;0;0m                                                                                                                                                              [0m[38;2;47;53;66;48;2;0;0;0m│[0m
[38;2;47;53;66;48;2;0;0;0m│[0m[38;2;148;163;184;48;2;0;0;0m                                                                                                                                                              [0m[38;2;47;53;66;48;2;0;0;0m│[0m
[38;2;47;53;66;48;2;0;0;0m│[0m[38;2;148;163;184;48;2;0;0;0m                                                                                                                                                              [0m[38;2;47;53;66;48;2;0;0;0m│[0m
[38;2;47;53;66;48;2;0;0;0m│[0m[38;2;148;163;184;48;2;0;0;0m                                                                                                                                                              [0m[38;2;47;53;66;48;2;0;0;0m│[0m
[38;2;47;53;66;48;2;0;0;0m│[0m[38;2;148;163;184;48;2;0;0;0m                                                                                                                                                              [0m[38;2;47;53;66;48;2;0;0;0m│[0m
[38;2;47;53;66;48;2;0;0;0m│[0m[38;2;148;163;184;48;2;0;0;0m                                                                                                                                                              [0m[38;2;47;53;66;48;2;0;0;0m│[0m
[38;2;47;53;66;48;2;0;0;0m│[0m[38;2;148;163;184;48;2;0;0;0m                                                                                                                                                              [0m[38;2;47;53;66;48;2;0;0;0m│[0m
[38;2;47;53;66;48;2;0;0;0m│[0m[38;2;148;163;184;48;2;0;0;0m                                                                                                                                                              [0m[38;2;47;53;66;48;2;0;0;0m│[0m
[38;2;47;53;66;48;2;0;0;0m│[0m[38;2;148;163;184;48;2;0;0;0m                                                                                                                                                              [0m[38;2;47;53;66;48;2;0;0;0m│[0m
[38;2;47;53;66;48;2;0;0;0m│[0m[38;2;148;163;184;48;2;0;0;0m                                                                                                                                                              [0m[38;2;47;53;66;48;2;0;0;0m│[0m
[38;2;47;53;66;48;2;0;0;0m│[0m[38;2;148;163;184;48;2;0;0;0m                                                                                                                                                              [0m[38;2;47;53;66;48;2;0;0;0m│[0m
[38;2;47;53;66;48;2;0;0;0m│[0m[38;2;148;163;184;48;2;0;0;0m                                                                                                                                                              [0m[38;2;47;53;66;48;2;0;0;0m│[0m
[38;2;47;53;66;48;2;0;0;0m│[0m[38;2;148;163;184;48;2;0;0;0m                                                                                                                                                              [0m[38;2;47;53;66;48;2;0;0;0m│[0m
[38;2;47;53;66;48;2;0;0;0m│[0m[38;2;148;163;184;48;2;0;0;0m                                                                                                                                                              [0m[38;2;47;53;66;48;2;0;0;0m│[0m
[38;2;47;53;66;48;2;0;0;0m│[0m[38;2;148;163;184;48;2;0;0;0m                                                                                                                                                              [0m[38;2;47;53;66;48;2;0;0;0m│[0m
[38;2;47;53;66;48;2;0;0;0m│[0m[38;2;148;163;184;48;2;0;0;0m                                                                                                                                                              [0m[38;2;47;53;66;48;2;0;0;0m│[0m
[38;2;47;53;66;48;2;0;0;0m│[0m[38;2;148;163;184;48;2;0;0;0m                                                                                                                                                              [0m[38;2;47;53;66;48;2;0;0;0m│[0m
[38;2;47;53;66;48;2;0;0;0m│[0m[38;2;148;163;184;48;2;0;0;0m                                                                                                                                                              [0m[38;2;47;53;66;48;2;0;0;0m│[0m
[38;2;47;53;66;48;2;0;0;0m├──────────────────────────────────────────────────────────────────────────────────────────────────────────────────────────────────────────────────────────────┤[0m
[38;2;47;53;66;48;2;0;0;0m│[0m[38;2;148;163;184;48;2;20;24;36m [0m[1;38;2;226;232;240;48;2;20;24;36mWI-209[0m[38;2;148;163;184;48;2;20;24;36m migration-0042[0m[38;2;47;53;66;48;2;20;24;36m │ [0m[1;38;2;245;185;64;48;2;20;24;36mHELD[0m[38;2;148;163;184;48;2;20;24;36m human decision · approve migration 0042[0m[38;2;47;53;66;48;2;20;24;36m │ [0m[38;2;148;163;184;48;2;20;24;36mheld since 29:00 · timeout 53:00[0m[38;2;47;53;66;48;2;20;24;36m │ [0m[1;38;2;255;107;107;48;2;20;24;36mOVERDUE +59:20[0m[38;2;148;163;184;48;2;20;24;36m                                     [0m[38;2;47;53;66;48;2;0;0;0m│[0m
[38;2;47;53;66;48;2;0;0;0m│[0m[38;2;148;163;184;48;2;0;0;0m [0m[1;38;2;0;0;0;48;2;59;227;122m LIVE [0m[38;2;148;163;184;48;2;0;0;0m  [0m[38;2;91;100;117;48;2;0;0;0m1:51:58[0m[38;2;148;163;184;48;2;0;0;0m  [0m[1;38;2;226;232;240;48;2;0;0;0mWI-210[0m[38;2;148;163;184;48;2;0;0;0m  attempt #9 probe · Bash npm run bench -- --ranges                  [0m[1;38;2;226;232;240;48;2;0;0;0mj/k[0m[38;2;148;163;184;48;2;0;0;0m [0m[38;2;91;100;117;48;2;0;0;0mselect[0m[38;2;148;163;184;48;2;0;0;0m  [0m[1;38;2;226;232;240;48;2;0;0;0menter[0m[38;2;148;163;184;48;2;0;0;0m [0m[38;2;91;100;117;48;2;0;0;0mopen drawer[0m[38;2;148;163;184;48;2;0;0;0m  [0m[1;38;2;226;232;240;48;2;0;0;0mt[0m[38;2;148;163;184;48;2;0;0;0m [0m[38;2;91;100;117;48;2;0;0;0mtool ticks[0m[38;2;148;163;184;48;2;0;0;0m  [0m[1;38;2;226;232;240;48;2;0;0;0mr[0m[38;2;148;163;184;48;2;0;0;0m [0m[38;2;91;100;117;48;2;0;0;0mreplay[0m[38;2;148;163;184;48;2;0;0;0m  [0m[1;38;2;226;232;240;48;2;0;0;0mesc[0m[38;2;148;163;184;48;2;0;0;0m [0m[38;2;91;100;117;48;2;0;0;0mclose[0m[38;2;148;163;184;48;2;0;0;0m [0m[38;2;47;53;66;48;2;0;0;0m│[0m
[38;2;47;53;66;48;2;0;0;0m└──────────────────────────────────────────────────────────────────────────────────────────────────────────────────────────────────────────────────────────────┘[0m
